time	V(n003)
0.000000000000000e+00	0.000000e+00
3.843687509984609e-09	1.756435e-09
1.153106252995383e-08	1.033506e-08
1.618631537050191e-08	2.310590e-08
2.085238508188654e-08	5.017920e-08
2.590264579866927e-08	1.053500e-07
3.185541126130183e-08	2.235094e-07
3.890480084639027e-08	4.746874e-07
4.742373210147102e-08	1.016832e-06
5.765757074430514e-08	2.178159e-06
7.006586668907404e-08	4.685358e-06
8.505088711172754e-08	9.856525e-06
1.000000000000566e-07	1.725539e-05
1.054566837743742e-07	2.125931e-05
1.127322621400587e-07	2.810764e-05
1.272834188716446e-07	4.767115e-05
1.563857323348163e-07	1.092926e-04
1.909539234102708e-07	2.342348e-04
2.406888803070575e-07	5.442916e-04
3.016076209727114e-07	1.202850e-03
3.873198771440003e-07	2.798719e-03
4.981369251474705e-07	6.352689e-03
6.540745509369273e-07	1.481256e-02
8.540745509368237e-07	3.194877e-02
1.054074550936720e-06	5.704609e-02
1.254074550936617e-06	9.106177e-02
1.454074550936513e-06	1.339761e-01
1.654074550936410e-06	1.851999e-01
1.854074550936306e-06	2.436456e-01
2.054074550936202e-06	3.078184e-01
2.254074550936099e-06	3.759218e-01
2.454074550935995e-06	4.459704e-01
2.654074550935892e-06	5.159050e-01
2.854074550935788e-06	5.837050e-01
3.054074550935685e-06	6.474900e-01
3.254074550935581e-06	7.056097e-01
3.454074550935477e-06	7.567159e-01
3.654074550935374e-06	7.998148e-01
3.854074550935270e-06	8.342996e-01
4.054074550935167e-06	8.599604e-01
4.254074550935063e-06	8.769749e-01
4.454074550934960e-06	8.858797e-01
4.654074550934856e-06	8.875257e-01
4.854074550934753e-06	8.830206e-01
5.054074550934649e-06	8.736619e-01
5.254074550934545e-06	8.608646e-01
5.454074550934442e-06	8.460872e-01
5.654074550934338e-06	8.307595e-01
5.854074550934235e-06	8.162168e-01
6.054074550934131e-06	8.036422e-01
6.254074550934028e-06	7.940191e-01
6.454074550933924e-06	7.880973e-01
6.654074550933821e-06	7.863717e-01
6.854074550933717e-06	7.890754e-01
7.054074550933613e-06	7.961851e-01
7.254074550933510e-06	8.074395e-01
7.454074550933406e-06	8.223678e-01
7.654074550933303e-06	8.403267e-01
7.854074550933199e-06	8.605436e-01
8.054074550933096e-06	8.821639e-01
8.254074550932992e-06	9.042984e-01
8.454074550932889e-06	9.260705e-01
8.654074550932785e-06	9.466594e-01
8.854074550932681e-06	9.653382e-01
9.054074550932578e-06	9.815044e-01
9.254074550932474e-06	9.947032e-01
9.454074550932371e-06	1.004641e+00
9.654074550932267e-06	1.011193e+00
9.854074550932164e-06	1.014396e+00
1.005407455093206e-05	1.014441e+00
1.025407455093196e-05	1.011653e+00
1.045407455093185e-05	1.006470e+00
1.065407455093175e-05	9.994107e-01
1.085407455093165e-05	9.910502e-01
1.105407455093154e-05	9.819844e-01
1.125407455093144e-05	9.728018e-01
1.145407455093134e-05	9.640551e-01
1.165407455093123e-05	9.562365e-01
1.185407455093113e-05	9.497576e-01
1.205407455093102e-05	9.449345e-01
1.225407455093092e-05	9.419777e-01
1.245407455093082e-05	9.409893e-01
1.265407455093071e-05	9.419639e-01
1.285407455093061e-05	9.447962e-01
1.305407455093051e-05	9.492923e-01
1.325407455093040e-05	9.551845e-01
1.345407455093030e-05	9.621496e-01
1.365407455093020e-05	9.698277e-01
1.385407455093009e-05	9.778430e-01
1.405407455092999e-05	9.858229e-01
1.425407455092989e-05	9.934163e-01
1.445407455092978e-05	1.000310e+00
1.465407455092968e-05	1.006242e+00
1.485407455092957e-05	1.011011e+00
1.505407455092947e-05	1.014483e+00
1.525407455092937e-05	1.016594e+00
1.545407455092926e-05	1.017348e+00
1.565407455092916e-05	1.016817e+00
1.585407455092906e-05	1.015126e+00
1.605407455092895e-05	1.012451e+00
1.625407455092885e-05	1.009004e+00
1.645407455092875e-05	1.005020e+00
1.665407455092864e-05	1.000746e+00
1.685407455092854e-05	9.964259e-01
1.705407455092844e-05	9.922917e-01
1.725407455092833e-05	9.885505e-01
1.745407455092823e-05	9.853768e-01
1.765407455092812e-05	9.829059e-01
1.785407455092802e-05	9.812295e-01
1.805407455092792e-05	9.803940e-01
1.825407455092781e-05	9.804010e-01
1.845407455092771e-05	9.812100e-01
1.865407455092761e-05	9.827425e-01
1.885407455092750e-05	9.848890e-01
1.905407455092740e-05	9.875157e-01
1.925407455092730e-05	9.904726e-01
1.945407455092719e-05	9.936022e-01
1.965407455092709e-05	9.967474e-01
1.985407455092699e-05	9.997594e-01
2.005407455092688e-05	1.002504e+00
2.025407455092678e-05	1.004870e+00
2.045407455092667e-05	1.006767e+00
2.065407455092657e-05	1.008138e+00
2.085407455092647e-05	1.008950e+00
2.105407455092636e-05	1.009202e+00
2.125407455092626e-05	1.008919e+00
2.145407455092616e-05	1.008153e+00
2.165407455092605e-05	1.006973e+00
2.185407455092595e-05	1.005466e+00
2.205407455092585e-05	1.003729e+00
2.225407455092574e-05	1.001865e+00
2.245407455092564e-05	9.999751e-01
2.265407455092554e-05	9.981574e-01
2.285407455092543e-05	9.964992e-01
2.305407455092533e-05	9.950750e-01
2.325407455092523e-05	9.939429e-01
2.345407455092512e-05	9.931431e-01
2.365407455092502e-05	9.926971e-01
2.385407455092491e-05	9.926072e-01
2.405407455092481e-05	9.928585e-01
2.425407455092471e-05	9.934195e-01
2.445407455092460e-05	9.942456e-01
2.465407455092450e-05	9.952819e-01
2.485407455092440e-05	9.964661e-01
2.505407455092429e-05	9.977324e-01
2.525407455092419e-05	9.990148e-01
2.545407455092409e-05	1.000251e+00
2.565407455092398e-05	1.001383e+00
2.585407455092388e-05	1.002363e+00
2.605407455092378e-05	1.003153e+00
2.625407455092367e-05	1.003727e+00
2.645407455092357e-05	1.004070e+00
2.665407455092346e-05	1.004180e+00
2.685407455092336e-05	1.004066e+00
2.705407455092326e-05	1.003749e+00
2.725407455092315e-05	1.003256e+00
2.745407455092305e-05	1.002623e+00
2.765407455092295e-05	1.001890e+00
2.785407455092284e-05	1.001100e+00
2.805407455092274e-05	1.000296e+00
2.825407455092264e-05	9.995177e-01
2.845407455092253e-05	9.988031e-01
2.865407455092243e-05	9.981839e-01
2.885407455092233e-05	9.976850e-01
2.905407455092222e-05	9.973240e-01
2.925407455092212e-05	9.971107e-01
2.945407455092201e-05	9.970472e-01
2.965407455092191e-05	9.971278e-01
2.985407455092181e-05	9.973401e-01
3.005407455092170e-05	9.976661e-01
3.025407455092160e-05	9.980832e-01
3.045407455092150e-05	9.985656e-01
3.065407455092139e-05	9.990858e-01
3.085407455092129e-05	9.996163e-01
3.105407455092119e-05	1.000131e+00
3.125407455092108e-05	1.000605e+00
3.145407455092098e-05	1.001017e+00
3.165407455092088e-05	1.001353e+00
3.185407455092077e-05	1.001599e+00
3.205407455092067e-05	1.001749e+00
3.225407455092057e-05	1.001803e+00
3.245407455092046e-05	1.001762e+00
3.265407455092036e-05	1.001635e+00
3.285407455092025e-05	1.001434e+00
3.305407455092015e-05	1.001173e+00
3.325407455092005e-05	1.000868e+00
3.345407455091994e-05	1.000537e+00
3.365407455091984e-05	1.000198e+00
3.385407455091974e-05	9.998688e-01
3.405407455091963e-05	9.995643e-01
3.425407455091953e-05	9.992985e-01
3.445407455091943e-05	9.990819e-01
3.465407455091932e-05	9.989224e-01
3.485407455091922e-05	9.988245e-01
3.505407455091912e-05	9.987893e-01
3.525407455091901e-05	9.988148e-01
3.545407455091891e-05	9.988961e-01
3.565407455091880e-05	9.990259e-01
3.585407455091870e-05	9.991952e-01
3.605407455091860e-05	9.993930e-01
3.625407455091849e-05	9.996080e-01
3.645407455091839e-05	9.998287e-01
3.665407455091829e-05	1.000044e+00
3.685407455091818e-05	1.000243e+00
3.705407455091808e-05	1.000418e+00
3.725407455091798e-05	1.000562e+00
3.745407455091787e-05	1.000668e+00
3.765407455091777e-05	1.000735e+00
3.785407455091767e-05	1.000761e+00
3.805407455091756e-05	1.000748e+00
3.825407455091746e-05	1.000699e+00
3.845407455091735e-05	1.000617e+00
3.865407455091725e-05	1.000510e+00
3.885407455091715e-05	1.000384e+00
3.905407455091704e-05	1.000246e+00
3.925407455091694e-05	1.000104e+00
3.945407455091684e-05	9.999654e-01
3.965407455091673e-05	9.998364e-01
3.985407455091663e-05	9.997228e-01
4.005407455091653e-05	9.996295e-01
4.025407455091642e-05	9.995598e-01
4.045407455091632e-05	9.995155e-01
4.065407455091622e-05	9.994975e-01
4.085407455091611e-05	9.995051e-01
4.105407455091601e-05	9.995363e-01
4.125407455091590e-05	9.995882e-01
4.145407455091580e-05	9.996570e-01
4.165407455091570e-05	9.997383e-01
4.185407455091559e-05	9.998274e-01
4.205407455091549e-05	9.999194e-01
4.245407455091528e-05	1.000094e+00
4.265407455091518e-05	1.000168e+00
4.285407455091508e-05	1.000229e+00
4.305407455091497e-05	1.000276e+00
4.325407455091487e-05	1.000305e+00
4.345407455091477e-05	1.000318e+00
4.365407455091466e-05	1.000314e+00
4.385407455091456e-05	1.000295e+00
4.405407455091446e-05	1.000263e+00
4.425407455091435e-05	1.000219e+00
4.445407455091425e-05	1.000167e+00
4.465407455091414e-05	1.000110e+00
4.485407455091404e-05	1.000050e+00
4.525407455091383e-05	9.999374e-01
4.545407455091373e-05	9.998890e-01
4.565407455091363e-05	9.998489e-01
4.585407455091352e-05	9.998185e-01
4.605407455091342e-05	9.997988e-01
4.625407455091332e-05	9.997900e-01
4.645407455091321e-05	9.997919e-01
4.665407455091311e-05	9.998038e-01
4.685407455091301e-05	9.998245e-01
4.705407455091290e-05	9.998525e-01
4.725407455091280e-05	9.998859e-01
4.745407455091269e-05	9.999228e-01
4.765407455091259e-05	9.999612e-01
4.805407455091238e-05	1.000035e+00
4.825407455091228e-05	1.000066e+00
4.845407455091218e-05	1.000092e+00
4.865407455091207e-05	1.000112e+00
4.885407455091197e-05	1.000126e+00
4.905407455091187e-05	1.000132e+00
4.925407455091176e-05	1.000131e+00
4.945407455091166e-05	1.000124e+00
4.965407455091156e-05	1.000111e+00
4.985407455091145e-05	1.000093e+00
4.999999999999991e-05	1.000078e+00
