time	V(n008)
0.000000000000000e+00	0.000000e+00
5.792236098928108e-10	-9.351279e-13
1.158447219785622e-09	-5.750436e-13
1.737670829678432e-09	1.080253e-12
2.316894439571243e-09	4.030762e-12
2.896118049464054e-09	8.276483e-12
3.475341659356865e-09	1.381742e-11
4.054565269249674e-09	2.065356e-11
7.785251049515982e-09	1.710333e-10
1.183386417373880e-08	6.400436e-10
1.560850981883327e-08	1.664094e-09
1.946748854394359e-08	3.819285e-09
2.409465031509052e-08	8.639068e-09
2.907587167430906e-08	1.809865e-08
3.544836492310605e-08	3.967985e-08
4.280712467743392e-08	8.412263e-08
5.203370239477596e-08	1.830759e-07
6.291954382986117e-08	3.908045e-07
7.637082232022849e-08	8.465196e-07
9.242784983318382e-08	1.689892e-06
1.000000000000566e-07	2.230961e-06
1.019677208140366e-07	2.405503e-06
1.059031624419966e-07	2.811193e-06
1.137740456979165e-07	3.808046e-06
1.295158122099731e-07	6.731479e-06
1.609993452340863e-07	1.603692e-05
1.956008318490434e-07	3.314114e-05
2.406086331194733e-07	6.960808e-05
2.899252636860868e-07	1.316404e-04
3.421511389298942e-07	2.310119e-04
4.080988392314230e-07	4.154160e-04
4.851252894215712e-07	7.283370e-04
5.820397864920827e-07	1.295150e-03
6.984582907002424e-07	2.264961e-03
8.449250533117906e-07	3.975033e-03
1.025952771031976e-06	6.861250e-03
1.258985517959416e-06	1.170523e-02
1.564778023319070e-06	1.918743e-02
2.006022742928127e-06	2.951445e-02
2.453606442075510e-06	3.542978e-02
2.913429117857354e-06	3.203081e-02
3.359042893504157e-06	1.747422e-02
3.656490264442426e-06	5.674452e-04
3.946727915905834e-06	-2.131718e-02
4.391025771590448e-06	-5.799238e-02
4.859644550080046e-06	-9.357638e-02
5.211452802260071e-06	-1.122228e-01
5.577364984117464e-06	-1.171354e-01
6.047712980059884e-06	-1.000874e-01
6.534110940461992e-06	-5.798264e-02
6.933073091169601e-06	-7.458151e-03
7.265570116586108e-06	4.145332e-02
7.631448675149682e-06	9.406012e-02
8.070156042397315e-06	1.452221e-01
8.518545615816527e-06	1.776010e-01
8.832056699219822e-06	1.822796e-01
9.198387639723681e-06	1.661156e-01
9.566181230125656e-06	1.307619e-01
9.963878986028697e-06	7.602104e-02
1.031995901415472e-05	1.866831e-02
1.064452224783436e-05	-3.497473e-02
1.096237227655853e-05	-8.161639e-02
1.145393740013779e-05	-1.335223e-01
1.200453668349271e-05	-1.613057e-01
1.240007936964571e-05	-1.579213e-01
1.273195972074730e-05	-1.388128e-01
1.305343364028455e-05	-1.099769e-01
1.341473807263817e-05	-7.107680e-02
1.380755246955623e-05	-2.682072e-02
1.408580971425794e-05	2.403306e-03
1.445456173105415e-05	3.454928e-02
1.485377025492321e-05	5.884600e-02
1.535664719412837e-05	7.434955e-02
1.580637288144896e-05	7.680100e-02
1.606916940632649e-05	7.354446e-02
1.631292923643247e-05	6.821470e-02
1.654936528511252e-05	6.222064e-02
1.693581262802090e-05	5.236894e-02
1.733293831594502e-05	4.331651e-02
1.776765704166470e-05	3.499324e-02
1.805765482141251e-05	3.020456e-02
1.834439367186897e-05	2.560693e-02
1.863756548246267e-05	2.027040e-02
1.897597016390284e-05	1.264795e-02
1.931021714816059e-05	2.928843e-03
1.984685774378899e-05	-1.612991e-02
2.023334102744037e-05	-3.126356e-02
2.058545963038046e-05	-4.475683e-02
2.093851599762751e-05	-5.608543e-02
2.125788828756460e-05	-6.237132e-02
2.173071353453958e-05	-6.342586e-02
2.220291310588499e-05	-5.504894e-02
2.265822553492087e-05	-3.857460e-02
2.301585120845998e-05	-2.133009e-02
2.333629314970167e-05	-4.386704e-03
2.365552389744173e-05	1.182125e-02
2.397288440425375e-05	2.583372e-02
2.421953709981300e-05	3.442740e-02
2.443024967655871e-05	3.961114e-02
2.462490584049333e-05	4.203432e-02
2.501421816836257e-05	4.146431e-02
2.546427609193642e-05	3.475756e-02
2.586930141182256e-05	2.450370e-02
2.627207798683111e-05	1.271929e-02
2.657036476652629e-05	4.516365e-03
2.676926232374113e-05	1.339939e-04
2.703946713993803e-05	-3.861138e-03
2.730865315265130e-05	-5.503739e-03
2.764047957425596e-05	-4.241849e-03
2.802049297670082e-05	5.546450e-04
2.836782100680861e-05	7.025710e-03
2.868689095898410e-05	1.351410e-02
2.901920438967199e-05	1.918626e-02
2.939110268238075e-05	2.239381e-02
2.984929929180985e-05	2.027031e-02
3.039670541000713e-05	9.815989e-03
3.080229429157973e-05	-2.785733e-03
3.121888915999212e-05	-1.828587e-02
3.159874103419720e-05	-3.141828e-02
3.214251828003540e-05	-4.444733e-02
3.267708913717686e-05	-4.853143e-02
3.309750037425673e-05	-4.374078e-02
3.355619511315753e-05	-3.108631e-02
3.398809586463284e-05	-1.485702e-02
3.432230337842160e-05	-9.740192e-04
3.468403607039179e-05	1.339977e-02
3.504889500838358e-05	2.557778e-02
3.541189986541520e-05	3.435926e-02
3.573779688329144e-05	3.881938e-02
3.607034335093235e-05	3.987242e-02
3.644221654955024e-05	3.766643e-02
3.679534907816639e-05	3.309590e-02
3.717386749918289e-05	2.657008e-02
3.749057653752784e-05	2.063734e-02
3.779578113387002e-05	1.518073e-02
3.828004614549901e-05	7.721978e-03
3.878391361738479e-05	1.451313e-03
3.924221512054864e-05	-3.212414e-03
3.971570211654986e-05	-7.786231e-03
4.021972411070150e-05	-1.314526e-02
4.062865284746838e-05	-1.805766e-02
4.100926136794882e-05	-2.283354e-02
4.141333633170632e-05	-2.735884e-02
4.182169556278623e-05	-3.049003e-02
4.218275987646620e-05	-3.112216e-02
4.259335498632533e-05	-2.877692e-02
4.296876882872833e-05	-2.365253e-02
4.333621333510364e-05	-1.580630e-02
4.382569772071968e-05	-2.664182e-03
4.423028980362026e-05	9.029387e-03
4.464116439525175e-05	2.018763e-02
4.501866052218748e-05	2.821910e-02
4.545806994741869e-05	3.363150e-02
4.590385960216584e-05	3.441648e-02
4.633850648770262e-05	3.059840e-02
4.678895879639175e-05	2.290538e-02
4.722618453760355e-05	1.338673e-02
4.762367164397470e-05	4.289378e-03
4.790684440739677e-05	-1.674696e-03
4.822769898925978e-05	-7.144197e-03
4.865768821827330e-05	-1.198277e-02
4.923155093253359e-05	-1.464061e-02
4.983141211889626e-05	-1.409374e-02
5.036353160699052e-05	-1.209561e-02
5.087302216778443e-05	-1.022749e-02
5.132195720638664e-05	-9.372340e-03
5.178447269064035e-05	-9.318481e-03
5.233736019663766e-05	-9.615559e-03
5.269373548029638e-05	-9.548263e-03
5.293726763086525e-05	-9.062170e-03
5.321661729211264e-05	-7.845371e-03
5.352644569922961e-05	-5.563186e-03
5.404362784535831e-05	-1.322291e-04
5.449276171440439e-05	5.614841e-03
5.489581753556389e-05	1.104107e-02
5.530030479758809e-05	1.579418e-02
5.573988018486051e-05	1.922152e-02
5.622142086805781e-05	2.019956e-02
5.673839930683453e-05	1.789878e-02
5.724325998735956e-05	1.284061e-02
5.764434566889729e-05	7.396978e-03
5.801860278400041e-05	1.845616e-03
5.835190163463121e-05	-2.882490e-03
5.867518041666230e-05	-6.699817e-03
5.921203437989206e-05	-1.101214e-02
5.980673324288040e-05	-1.308821e-02
6.043781953792406e-05	-1.266486e-02
6.100841751290292e-05	-1.087001e-02
6.144958975271941e-05	-9.115652e-03
6.173006667387461e-05	-8.040749e-03
6.210777273239223e-05	-6.733835e-03
6.252391557805574e-05	-5.358945e-03
6.290059312025155e-05	-3.996432e-03
6.334230858462213e-05	-1.975715e-03
6.385259784145612e-05	1.088217e-03
6.434459617683384e-05	4.740344e-03
6.477255785149053e-05	8.249566e-03
6.519156472769216e-05	1.152544e-02
6.561247622774696e-05	1.395326e-02
6.618785726852949e-05	1.511221e-02
6.678378345226850e-05	1.357702e-02
6.718233219169152e-05	1.066250e-02
6.767440876951996e-05	5.315749e-03
6.814332997939526e-05	-4.971297e-04
6.860175887604138e-05	-6.024973e-03
6.904885788475211e-05	-1.025964e-02
6.966055556337529e-05	-1.364026e-02
7.012286777383298e-05	-1.410091e-02
7.059957195953482e-05	-1.258068e-02
7.106719734558667e-05	-9.796790e-03
7.152883182046685e-05	-6.393101e-03
7.182862680579489e-05	-4.121881e-03
7.221939497589020e-05	-1.406241e-03
7.264258245168621e-05	1.070378e-03
7.303231576331437e-05	2.790223e-03
7.369005248144688e-05	4.813815e-03
7.430662584041498e-05	6.160717e-03
7.486842366312310e-05	7.095178e-03
7.533044106780183e-05	7.693751e-03
7.580559936005353e-05	7.961005e-03
7.639252249944865e-05	7.544952e-03
7.687510072588630e-05	6.403517e-03
7.721039660755547e-05	5.010111e-03
7.756555775552182e-05	2.965489e-03
7.809482405814454e-05	-6.497471e-04
7.861178051839918e-05	-4.324056e-03
7.905659666173313e-05	-7.134034e-03
7.951947799336528e-05	-9.179932e-03
8.001647327093159e-05	-1.006646e-02
8.050881852347813e-05	-9.503692e-03
8.101040569074929e-05	-7.584744e-03
8.161047005227442e-05	-4.226691e-03
8.198523578013426e-05	-1.872073e-03
8.236297905585624e-05	4.325693e-04
8.273140087148309e-05	2.335387e-03
8.324260712861157e-05	4.183132e-03
8.400438297269971e-05	5.600804e-03
8.467899013080388e-05	5.813218e-03
8.539543011994448e-05	5.319552e-03
8.590175027986448e-05	4.740705e-03
8.628444674063066e-05	4.177055e-03
8.674124629061745e-05	3.326894e-03
8.712716284947912e-05	2.400137e-03
8.752957601355612e-05	1.151234e-03
8.808255317879678e-05	-9.309129e-04
8.865620956188315e-05	-3.298340e-03
8.911330031354490e-05	-5.094396e-03
8.957892286652071e-05	-6.518151e-03
9.003575397447772e-05	-7.226089e-03
9.054900860232837e-05	-7.019152e-03
9.107987763322606e-05	-5.729689e-03
9.158528951573879e-05	-3.650250e-03
9.205382011098513e-05	-1.257258e-03
9.237650971499040e-05	4.667005e-04
9.277686130957437e-05	2.433429e-03
9.324789709383332e-05	4.204857e-03
9.391940389699336e-05	5.649736e-03
9.444667892611973e-05	5.856739e-03
9.496376123650178e-05	5.265484e-03
9.548103302058119e-05	4.192805e-03
9.587926659212673e-05	3.184480e-03
9.623785864918614e-05	2.228424e-03
9.656659657473142e-05	1.370848e-03
9.699132217027206e-05	3.168507e-04
9.738706422843572e-05	-6.026333e-04
9.804808090995679e-05	-2.024656e-03
9.869399720881852e-05	-3.278820e-03
9.919181594566845e-05	-4.061564e-03
9.971355348771722e-05	-4.565173e-03
1.002283616928403e-04	-4.560869e-03
1.009215183671753e-04	-3.767031e-03
1.013520437949333e-04	-2.785484e-03
1.018286378314443e-04	-1.262613e-03
1.023077314425474e-04	4.635919e-04
1.027755625146894e-04	2.104013e-03
1.033154833220767e-04	3.619055e-03
1.039288630484249e-04	4.620891e-03
1.044581449630530e-04	4.724306e-03
1.050101749811487e-04	4.088326e-03
1.055195134037647e-04	3.023682e-03
1.059023303830395e-04	2.026204e-03
1.062907763376044e-04	9.607753e-04
1.066703939746677e-04	-1.993993e-05
1.071455745849563e-04	-1.069154e-03
1.076972474036493e-04	-1.969155e-03
1.084972474036494e-04	-2.758788e-03
1.091869847569100e-04	-3.033655e-03
1.097706670090451e-04	-2.954733e-03
1.103932917247451e-04	-2.554430e-03
1.110747349559516e-04	-1.772472e-03
1.115319731087212e-04	-1.023482e-03
1.119803891958026e-04	-1.129578e-04
1.126086923955026e-04	1.254401e-03
1.131884093415008e-04	2.420885e-03
1.136799085903267e-04	3.160225e-03
1.141720409293448e-04	3.509414e-03
1.147026423276192e-04	3.388786e-03
1.152435648753825e-04	2.751744e-03
1.158933886704536e-04	1.511258e-03
1.163941627776754e-04	3.721867e-04
1.167813470945322e-04	-5.178546e-04
1.171489032348052e-04	-1.248345e-03
1.177522959051904e-04	-2.097861e-03
1.184959698570499e-04	-2.613920e-03
1.190727123881541e-04	-2.592943e-03
1.196575377196858e-04	-2.235168e-03
1.202401429066346e-04	-1.683720e-03
1.206281962414400e-04	-1.242909e-03
1.209998803177249e-04	-7.812727e-04
1.214813708454428e-04	-1.563876e-04
1.219719058582192e-04	4.857470e-04
1.226825360631614e-04	1.372499e-03
1.232165590386919e-04	1.941284e-03
1.237003078117692e-04	2.298379e-03
1.241881362655313e-04	2.427591e-03
1.247717543032434e-04	2.239968e-03
1.253673037427466e-04	1.705566e-03
1.257611998572881e-04	1.158224e-03
1.262976020326063e-04	2.520088e-04
1.267374472200538e-04	-5.155272e-04
1.271718126645829e-04	-1.193139e-03
1.277858732879895e-04	-1.873856e-03
1.284910706891469e-04	-2.221621e-03
1.290460916019108e-04	-2.124521e-03
1.296098152046010e-04	-1.715673e-03
1.301565521745888e-04	-1.141995e-03
1.305675884020808e-04	-6.513621e-04
1.309619555747259e-04	-1.799802e-04
1.314739722077661e-04	3.826201e-04
1.319760702465074e-04	8.379689e-04
1.327760702465074e-04	1.365103e-03
1.333867351243142e-04	1.595291e-03
1.339582168982125e-04	1.628907e-03
1.345493778934087e-04	1.462952e-03
1.352724981974131e-04	1.025772e-03
1.356967272650124e-04	6.496057e-04
1.361548829046271e-04	1.510563e-04
1.366612965180115e-04	-4.315554e-04
1.371684705444769e-04	-9.783026e-04
1.376787880438925e-04	-1.410678e-03
1.382327482562220e-04	-1.674678e-03
1.387926357435860e-04	-1.686400e-03
1.393581650906116e-04	-1.438030e-03
1.399464451047963e-04	-9.702243e-04
1.403660285384872e-04	-5.490106e-04
1.408032934548812e-04	-8.256578e-05
1.412680782923053e-04	3.819696e-04
1.417323527739885e-04	7.555221e-04
1.424773097574289e-04	1.142720e-03
1.431599918174744e-04	1.278372e-03
1.437696505814817e-04	1.208976e-03
1.443843020164435e-04	9.956217e-04
1.448450694351846e-04	7.573607e-04
1.454178910994827e-04	3.914646e-04
1.459519283173397e-04	1.281054e-05
1.465327818548708e-04	-4.032029e-04
1.472613096291874e-04	-8.686921e-04
1.478022247609681e-04	-1.118170e-03
1.483532289251947e-04	-1.226582e-03
1.489225570321185e-04	-1.163411e-03
1.495132969101724e-04	-9.183857e-04
1.500349740712742e-04	-5.743474e-04
1.505585479151601e-04	-1.539766e-04
1.509751621600378e-04	1.933635e-04
1.513732879449923e-04	4.927188e-04
1.519944198209206e-04	8.398987e-04
1.527061449705894e-04	1.047352e-03
1.532772861678666e-04	1.041168e-03
1.538619351472092e-04	8.813203e-04
1.544396075973070e-04	6.247500e-04
1.548471524167108e-04	4.048747e-04
1.552272600566598e-04	1.867201e-04
1.557549672977043e-04	-1.096952e-04
1.562455798021210e-04	-3.544448e-04
1.570455798021210e-04	-6.701731e-04
1.576385151196430e-04	-8.158337e-04
1.582675124433190e-04	-8.547966e-04
1.588355051382062e-04	-7.772090e-04
1.595208178808100e-04	-5.585653e-04
1.599200872832358e-04	-3.722171e-04
1.604875000233629e-04	-5.290597e-05
1.610102987700751e-04	2.485951e-04
1.615412198311492e-04	5.222948e-04
1.620942106193744e-04	7.278160e-04
1.626983138824365e-04	8.278476e-04
1.633095388898947e-04	7.894388e-04
1.638766194214892e-04	6.369890e-04
1.644208399584745e-04	4.118775e-04
1.648935932373515e-04	1.825023e-04
1.653693083682711e-04	-5.194588e-05
1.658294604979984e-04	-2.551546e-04
1.664480241011439e-04	-4.617753e-04
1.672480241011439e-04	-6.155386e-04
1.678851379252374e-04	-6.359704e-04
1.685386926324832e-04	-5.577928e-04
1.691605358843369e-04	-4.103461e-04
1.696900894763264e-04	-2.386132e-04
1.702067985284530e-04	-4.416798e-05
1.707479139244925e-04	1.654682e-04
1.713390872342877e-04	3.753038e-04
1.718692231190185e-04	5.194942e-04
1.724611906636646e-04	6.074838e-04
1.729948683593728e-04	6.056936e-04
1.736031138664161e-04	5.069679e-04
1.742331583091585e-04	3.243059e-04
1.746932791717765e-04	1.532725e-04
1.751764129000980e-04	-3.937355e-05
1.756443680958121e-04	-2.120293e-04
1.762225954272771e-04	-3.766722e-04
1.769649016052615e-04	-4.981005e-04
1.775626932067902e-04	-5.121509e-04
1.781768835859671e-04	-4.468816e-04
1.787530750270959e-04	-3.335803e-04
1.791545435946031e-04	-2.314160e-04
1.796153275577909e-04	-1.008110e-04
1.800913433326269e-04	3.567998e-05
1.806534575461323e-04	1.838584e-04
1.813816652529608e-04	3.397063e-04
1.819560528615767e-04	4.179486e-04
1.825536484183160e-04	4.408183e-04
1.831345880192326e-04	4.024045e-04
1.837560973477119e-04	3.019948e-04
1.842003757523230e-04	1.970664e-04
1.847104310691203e-04	5.324514e-05
1.851664788236297e-04	-8.017285e-05
1.856140189071089e-04	-1.991174e-04
1.862857364554936e-04	-3.325163e-04
1.869773402710486e-04	-3.999383e-04
1.876221488143444e-04	-3.873529e-04
1.882097050127866e-04	-3.154452e-04
1.887592251995456e-04	-2.091268e-04
1.892437045115504e-04	-9.756703e-05
1.897301836775397e-04	1.774272e-05
1.902377649263495e-04	1.275426e-04
1.908592605118660e-04	2.339357e-04
1.915290520725912e-04	3.063845e-04
1.921245930818845e-04	3.265947e-04
1.927311717559656e-04	3.014724e-04
1.933530545812437e-04	2.359860e-04
1.938042321109729e-04	1.660495e-04
1.942274051130316e-04	8.639486e-05
1.946225333784614e-04	6.085353e-06
1.951737897499790e-04	-1.043597e-04
1.957373788729327e-04	-2.031912e-04
1.962826471391050e-04	-2.719436e-04
1.968620472834845e-04	-3.056497e-04
1.974279283022764e-04	-2.948381e-04
1.980176294470956e-04	-2.396067e-04
1.986132725283385e-04	-1.500738e-04
1.990695212829054e-04	-6.648093e-05
1.995535428658422e-04	2.634506e-05
1.999999999999999e-04	1.094387e-04
